  0.00539636  0.000236689    0.0182831   -0.0524717 -0.000524927
 0.000236689      99.9901    0.0093526   0.00155853  1.55915e-05
   0.0182831    0.0093526     0.917483     0.208434   0.00208517
  -0.0524717   0.00155853     0.208434      99.4118     0.994516
-0.000524927  1.55915e-05   0.00208517     0.994516        100.1
  0.00396555     0.250571   0.00937915   -0.0521067 -0.000923654
    0.250571      50.0891    0.0528417   0.00491398   -0.0282724
  0.00937915    0.0528417     0.485011     0.207989   0.00319953
  -0.0521067   0.00491398     0.207989      98.8521      1.98418
-0.000923654   -0.0282724   0.00319953      1.98418        100.2
 0.00382799    0.201175  0.00676171  -0.0515462 -0.00148095
   0.201175     20.1135   0.0744877   0.0187711  -0.0446909
 0.00676171   0.0744877    0.358836     0.20602  0.00435331
 -0.0515462   0.0187711     0.20602     98.3262     2.96931
-0.00148095  -0.0446909  0.00435331     2.96931     100.299
 0.00343369    0.137776  0.00561865  -0.0508623 -0.00203069
   0.137776     9.18473   0.0780471   0.0299063  -0.0500466
 0.00561865   0.0780471    0.307202    0.203279  0.00556644
 -0.0508623   0.0299063    0.203279     97.8363     3.95023
-0.00203069  -0.0500466  0.00556644     3.95023     100.398
 0.00302952   0.0966582  0.00497665  -0.0499233 -0.00254141
  0.0966582     4.83426   0.0745753   0.0446676   -0.051219
 0.00497665   0.0745753    0.283381     0.19913  0.00679894
 -0.0499233   0.0446676     0.19913     97.3903     4.92769
-0.00254141   -0.051219  0.00679894     4.92769     100.497
 0.00268761    0.070843  0.00461378  -0.0494348 -0.00305439
   0.070843     2.83437   0.0708182    0.040588  -0.0519466
 0.00461378   0.0708182    0.271548    0.196561  0.00819707
 -0.0494348    0.040588    0.196561     96.9651     5.90069
-0.00305439  -0.0519466  0.00819707     5.90069     100.595
 0.00240645   0.0539571  0.00434628  -0.0489091 -0.00354813
  0.0539571     1.79903   0.0657435   0.0393801   -0.051936
 0.00434628   0.0657435    0.265608    0.193668  0.00963875
 -0.0489091   0.0393801    0.193668     96.5724     6.87012
-0.00354813   -0.051936  0.00963875     6.87012     100.692
 0.00217409   0.0423928  0.00410372  -0.0481304 -0.00400654
  0.0423928      1.2119   0.0599375   0.0442346  -0.0511859
 0.00410372   0.0599375    0.262744    0.189216   0.0109943
 -0.0481304   0.0442346    0.189216      96.224     7.83721
-0.00400654  -0.0511859   0.0109943     7.83721     100.789
0.00198186  0.0341795 0.00391364 -0.0475571 -0.0044682
 0.0341795   0.855126  0.0549536  0.0441949 -0.0507079
0.00391364  0.0549536   0.261205   0.185806  0.0124493
-0.0475571  0.0441949   0.185806    95.9002    8.80062
-0.0044682 -0.0507079  0.0124493    8.80062    100.885
 0.00182129   0.0281532  0.00376494  -0.0472552 -0.00494516
  0.0281532    0.626105   0.0507368   0.0399497  -0.0506002
 0.00376494   0.0507368    0.260238    0.184143   0.0140784
 -0.0472552   0.0399497    0.184143     95.5912     9.75945
-0.00494516  -0.0506002   0.0140784     9.75945      100.98
 0.00168484   0.0235967  0.00362547  -0.0470026 -0.00541883
  0.0235967    0.472315   0.0468175   0.0362071  -0.0504604
 0.00362547   0.0468175    0.259672    0.182783    0.015742
 -0.0470026   0.0362071    0.182783     95.3052     10.7145
-0.00541883  -0.0504604    0.015742     10.7145     101.073
 0.00156742   0.0200675  0.00349035  -0.0467562 -0.00588573
  0.0200675    0.365203   0.0432105   0.0333985  -0.0502489
 0.00349035   0.0432105    0.259336    0.181414   0.0173997
 -0.0467562   0.0333985    0.181414     95.0438     11.6662
-0.00588573  -0.0502489   0.0173997     11.6662     101.166
 0.00146451   0.0172701   0.0033388  -0.0462988 -0.00631718
  0.0172701    0.288221   0.0396807   0.0339835  -0.0496247
  0.0033388   0.0396807    0.259339    0.178091   0.0187833
 -0.0462988   0.0339835    0.178091     94.8236     12.6167
-0.00631718  -0.0496247   0.0187833     12.6167     101.258
 0.00137561   0.0150352  0.00323285  -0.0462037 -0.00679223
  0.0150352    0.231658   0.0370101   0.0304193  -0.0496108
 0.00323285   0.0370101    0.258946    0.178375   0.0206457
 -0.0462037   0.0304193    0.178375     94.6017     13.5604
-0.00679223  -0.0496108   0.0206457     13.5604     101.348
 0.00129754   0.0132163  0.00313937  -0.0462334 -0.00728163
  0.0132163    0.189114   0.0346885   0.0262781  -0.0497415
 0.00313937   0.0346885    0.258516    0.179831   0.0226843
 -0.0462334   0.0262781    0.179831     94.3894     14.4985
-0.00728163  -0.0497415   0.0226843     14.4985     101.436
 0.00122805   0.0117126  0.00304382  -0.0462459 -0.00776487
  0.0117126    0.156465   0.0325315    0.023125  -0.0497747
 0.00304382   0.0325315    0.258214    0.180837   0.0246604
 -0.0462459    0.023125    0.180837     94.1974     15.4328
-0.00776487  -0.0497747   0.0246604     15.4328     101.523
 0.00116536   0.0104516  0.00293783   -0.046129 -0.00822213
  0.0104516    0.130964   0.0304549   0.0218111   -0.049542
 0.00293783   0.0304549    0.258148    0.180054   0.0263331
  -0.046129   0.0218111    0.180054     94.0376     16.3652
-0.00822213   -0.049542   0.0263331     16.3652     101.608
  0.0011092  0.00938929  0.00284626  -0.0460946 -0.00869034
 0.00938929    0.110796   0.0286887   0.0200677  -0.0494257
 0.00284626   0.0286887     0.25792    0.180425   0.0282078
 -0.0460946   0.0200677    0.180425       93.89     17.2925
-0.00869034  -0.0494257   0.0282078     17.2925     101.692
 0.00105837  0.00848416  0.00275808  -0.0460561 -0.00915411
 0.00848416   0.0946234   0.0270965   0.0187107  -0.0492716
 0.00275808   0.0270965    0.257726    0.180647    0.030052
 -0.0460561   0.0187107    0.180647     93.7623      18.216
-0.00915411  -0.0492716    0.030052      18.216     101.774
 0.00101217  0.00770683  0.00267398   -0.046017 -0.00961409
 0.00770683   0.0815044   0.0256659   0.0176401  -0.0490901
 0.00267398   0.0256659    0.257548    0.180803   0.0318787
  -0.046017   0.0176401    0.180803     93.6539     19.1356
-0.00961409  -0.0490901   0.0318787     19.1356     101.853
0.000970005  0.00703445  0.00259413  -0.0459789  -0.0100705
 0.00703445   0.0707513   0.0243803   0.0167956  -0.0488863
 0.00259413   0.0243803    0.257379    0.180929   0.0336934
 -0.0459789   0.0167956    0.180929     93.5645     20.0513
 -0.0100705  -0.0488863   0.0336934     20.0513     101.931
0.000931383  0.00644906   0.0025186  -0.0459438  -0.0105238
 0.00644906   0.0618546   0.0232248   0.0161234  -0.0486655
  0.0025186   0.0232248    0.257215     0.18107   0.0355043
 -0.0459438   0.0161234     0.18107     93.4937     20.9631
 -0.0105238  -0.0486655   0.0355043     20.9631     102.007
0.000895786  0.00593574  0.00244431  -0.0458824  -0.0109669
 0.00593574   0.0544269   0.0221638   0.0157993  -0.0483807
 0.00244431   0.0221638    0.257118    0.180705   0.0371879
 -0.0458824   0.0157993    0.180705     93.4455     21.8719
 -0.0109669  -0.0483807   0.0371879     21.8719     102.081
0.000862832  0.00548291  0.00237075  -0.0457845  -0.0113968
 0.00548291   0.0481759   0.0211852   0.0158353    -0.04802
 0.00237075   0.0211852    0.257094    0.179705   0.0387002
 -0.0457845   0.0158353    0.179705     93.4219     22.7783
 -0.0113968    -0.04802   0.0387002     22.7783     102.153
0.000832529  0.00508319  0.00230748  -0.0457445  -0.0118366
 0.00508319   0.0428879    0.020342   0.0155821  -0.0477406
 0.00230748    0.020342    0.256905    0.179951   0.0405035
 -0.0457445   0.0155821    0.179951     93.4093     23.6791
 -0.0118366  -0.0477406   0.0405035     23.6791     102.222
0.00080452  0.0047283 0.00224983  -0.045735 -0.0122801
 0.0047283  0.0383828    0.01959  0.0152489 -0.0474906
0.00224983    0.01959    0.25668   0.180728  0.0424322
 -0.045735  0.0152489   0.180728    93.4104    24.5749
-0.0122801 -0.0474906  0.0424322    24.5749    102.288
0.000778442  0.00441117  0.00219297  -0.0457133   -0.012716
 0.00441117   0.0345176   0.0188917   0.0150966   -0.047199
 0.00219297   0.0188917     0.25654    0.181067   0.0442327
 -0.0457133   0.0150966    0.181067     93.4313     25.4673
  -0.012716   -0.047199   0.0442327     25.4673     102.353
0.00075412 0.00412675 0.00213805 -0.0456859 -0.0131458
0.00412675  0.0311834  0.0182494  0.0150631  -0.046879
0.00213805  0.0182494   0.256434   0.181195  0.0459614
-0.0456859  0.0150631   0.181195     93.471    26.3561
-0.0131458  -0.046879  0.0459614    26.3561    102.415
0.000731431  0.00387096  0.00208655  -0.0456675  -0.0135735
 0.00387096   0.0282936   0.0176661   0.0150547  -0.0465552
 0.00208655   0.0176661    0.256311    0.181486   0.0477222
 -0.0456675   0.0150547    0.181486     93.5271     27.2406
 -0.0135735  -0.0465552   0.0477222     27.2406     102.474
0.000710209  0.00364008  0.00203764  -0.0456531  -0.0139977
 0.00364008   0.0257766   0.0171322   0.0150937  -0.0462196
 0.00203764   0.0171322    0.256194    0.181802   0.0494759
 -0.0456531   0.0150937    0.181802     93.5999      28.121
 -0.0139977  -0.0462196   0.0494759      28.121      102.53
0.000690323  0.00343102  0.00199118  -0.0456426  -0.0144184
 0.00343102   0.0235747   0.0166424   0.0151753  -0.0458721
 0.00199118   0.0166424    0.256083    0.182143   0.0512219
 -0.0456426   0.0151753    0.182143     93.6894     28.9973
 -0.0144184  -0.0458721   0.0512219     28.9973     102.584
0.000671659  0.00324117  0.00194703  -0.0456364  -0.0148355
 0.00324117   0.0216403   0.0161925   0.0152932  -0.0455134
 0.00194703   0.0161925    0.255976    0.182517    0.052963
 -0.0456364   0.0152932    0.182517     93.7951     29.8695
 -0.0148355  -0.0455134    0.052963     29.8695     102.635
0.000654112  0.00306831  0.00190506  -0.0456343  -0.0152491
 0.00306831   0.0199346   0.0157785   0.0154435  -0.0451438
 0.00190506   0.0157785    0.255873    0.182927   0.0546993
 -0.0456343   0.0154435    0.182927     93.9169     30.7374
 -0.0152491  -0.0451438   0.0546993     30.7374     102.683
0.000637593   0.0029105  0.00186513  -0.0456365  -0.0156591
  0.0029105    0.018425   0.0153969   0.0156226  -0.0447635
 0.00186513   0.0153969    0.255775    0.183373   0.0564314
 -0.0456365   0.0156226    0.183373     94.0545     31.6011
 -0.0156591  -0.0447635   0.0564314     31.6011     102.728
0.00062202  0.0027661 0.00182711 -0.0456429 -0.0160654
 0.0027661  0.0170845  0.0150444  0.0158279 -0.0443725
0.00182711  0.0150444    0.25568   0.183853  0.0581586
-0.0456429  0.0158279   0.183853    94.2076    32.4604
-0.0160654 -0.0443725  0.0581586    32.4604     102.77
0.000607319  0.00263367  0.00179089  -0.0456534   -0.016468
 0.00263367   0.0158905   0.0147185   0.0160567  -0.0439712
 0.00179089   0.0147185     0.25559    0.184369   0.0598812
 -0.0456534   0.0160567    0.184369     94.3761     33.3154
  -0.016468  -0.0439712   0.0598812     33.3154     102.809
0.000593425  0.00251197  0.00175635   -0.045668  -0.0168668
 0.00251197   0.0148237   0.0144167   0.0163074  -0.0435595
 0.00175635   0.0144167    0.255503    0.184919   0.0615987
  -0.045668   0.0163074    0.184919     94.5596      34.166
 -0.0168668  -0.0435595   0.0615987      34.166     102.844
0.000580279  0.00239991  0.00172341  -0.0456866  -0.0172619
 0.00239991    0.013868   0.0141367   0.0165778  -0.0431378
 0.00172341   0.0141367    0.255421    0.185503   0.0633112
 -0.0456866   0.0165778    0.185503     94.7579     35.0121
 -0.0172619  -0.0431378   0.0633112     35.0121     102.877
0.000567829  0.00229655  0.00169196  -0.0457092   -0.017653
 0.00229655   0.0130097   0.0138766   0.0168665   -0.042706
 0.00169196   0.0138766    0.255341    0.186119   0.0650181
 -0.0457092   0.0168665    0.186119     94.9708     35.8536
  -0.017653   -0.042706   0.0650181     35.8536     102.906
0.000556025  0.00220103  0.00166191  -0.0457356  -0.0180403
 0.00220103   0.0122368   0.0136348   0.0171721  -0.0422645
 0.00166191   0.0136348    0.255266    0.186768   0.0667197
 -0.0457356   0.0171721    0.186768     95.1981     36.6906
 -0.0180403  -0.0422645   0.0667197     36.6906     102.932
0.000544824  0.00211263   0.0016332  -0.0457659  -0.0184236
 0.00211263   0.0115394   0.0134097   0.0174936  -0.0418132
  0.0016332   0.0134097    0.255194    0.187448   0.0684153
 -0.0457659   0.0174936    0.187448     95.4394     37.5229
 -0.0184236  -0.0418132   0.0684153     37.5229     102.954
0.000534186  0.00203069  0.00160574  -0.0457999  -0.0188029
 0.00203069   0.0109086   0.0131998   0.0178296  -0.0413525
 0.00160574   0.0131998    0.255125     0.18816   0.0701049
 -0.0457999   0.0178296     0.18816     95.6946     38.3506
 -0.0188029  -0.0413525   0.0701049     38.3506     102.973
0.000524075  0.00195463  0.00157947  -0.0458376  -0.0191782
 0.00195463   0.0103371    0.013004   0.0181795  -0.0408825
 0.00157947    0.013004    0.255059    0.188901   0.0717881
 -0.0458376   0.0181795    0.188901     95.9634     39.1735
 -0.0191782  -0.0408825   0.0717881     39.1735     102.988
0.000514459  0.00188394  0.00155432  -0.0458788  -0.0195494
 0.00188394  0.00981817   0.0128211   0.0185423  -0.0404033
 0.00155432   0.0128211    0.254996    0.189671   0.0734643
 -0.0458788   0.0185423    0.189671     96.2456     39.9915
 -0.0195494  -0.0404033   0.0734643     39.9915         103
0.000505306  0.00181815  0.00153023  -0.0459235  -0.0199163
 0.00181815  0.00934622   0.0126502   0.0189173  -0.0399151
 0.00153023   0.0126502    0.254937    0.190469   0.0751334
 -0.0459235   0.0189173    0.190469      96.541     40.8047
 -0.0199163  -0.0399151   0.0751334     40.8047     103.008
0.000496589  0.00175686  0.00150715  -0.0459716  -0.0202791
 0.00175686  0.00891627   0.0124902   0.0193038  -0.0394181
 0.00150715   0.0124902     0.25488    0.191294   0.0767949
 -0.0459716   0.0193038    0.191294     96.8492      41.613
 -0.0202791  -0.0394181   0.0767949      41.613     103.013
0.000488282  0.00169969  0.00148502   -0.046023  -0.0206377
 0.00169969  0.00852397   0.0123404   0.0197012  -0.0389125
 0.00148502   0.0123404    0.254826    0.192145   0.0784487
  -0.046023   0.0197012    0.192145     97.1701     42.4162
 -0.0206377  -0.0389125   0.0784487     42.4162     103.014
0.000480362  0.00164632  0.00146381  -0.0460777  -0.0209919
 0.00164632   0.0081655      0.0122   0.0201089  -0.0383985
 0.00146381      0.0122    0.254775    0.193022   0.0800942
 -0.0460777   0.0201089    0.193022     97.5035     43.2144
 -0.0209919  -0.0383985   0.0800942     43.2144     103.011
0.000472807  0.00159645  0.00144346  -0.0461355  -0.0213419
 0.00159645  0.00783749   0.0120684   0.0205261  -0.0378764
 0.00144346   0.0120684    0.254727    0.193927   0.0817325
 -0.0461355   0.0205261    0.193927      97.849     44.0074
 -0.0213419  -0.0378764   0.0817325     44.0074     103.004
0.000465598   0.0015498  0.00142394  -0.0461965  -0.0216875
  0.0015498  0.00753697   0.0119449   0.0209525  -0.0373464
 0.00142394   0.0119449    0.254681    0.194856   0.0833624
 -0.0461965   0.0209525    0.194856     98.2065     44.7952
 -0.0216875  -0.0373464   0.0833624     44.7952     102.993
0.000458715  0.00150614   0.0014052  -0.0462604  -0.0220287
 0.00150614  0.00726131   0.0118289   0.0213877  -0.0368087
  0.0014052   0.0118289    0.254637    0.195808    0.084983
 -0.0462604   0.0213877    0.195808     98.5757     45.5778
 -0.0220287  -0.0368087    0.084983     45.5778     102.979
0.000452141  0.00146523  0.00138719   -0.046327  -0.0223653
 0.00146523  0.00700816   0.0117199   0.0218317  -0.0362632
 0.00138719   0.0117199    0.254597    0.196774   0.0865902
  -0.046327   0.0218317    0.196774     98.9564     46.3551
 -0.0223653  -0.0362632   0.0865902     46.3551      102.96
0.000445846  0.00142683  0.00136938  -0.0463904  -0.0226946
 0.00142683  0.00677527   0.0116162   0.0223002  -0.0357025
 0.00136938   0.0116162    0.254592    0.197485   0.0880563
 -0.0463904   0.0223002    0.197485     99.3507      47.128
 -0.0226946  -0.0357025   0.0880563      47.128     102.938
0.000439843  0.00139085  0.00135284  -0.0464618  -0.0230218
 0.00139085  0.00656112   0.0115202   0.0227603  -0.0351424
 0.00135284   0.0115202    0.254546    0.198527   0.0896597
 -0.0464618   0.0227603    0.198527     99.7542     47.8947
 -0.0230218  -0.0351424   0.0896597     47.8947     102.912
0.000434094  0.00135704  0.00133657  -0.0465316  -0.0233425
 0.00135704  0.00636378   0.0114289   0.0232388  -0.0345701
 0.00133657   0.0114289    0.254531    0.199373   0.0911472
 -0.0465316   0.0232388    0.199373      100.17     48.6566
 -0.0233425  -0.0345701   0.0911472     48.6566     102.882
0.000428597  0.00132529  0.00132096  -0.0466035  -0.0236583
 0.00132529  0.00618187   0.0113431   0.0237237  -0.0339912
 0.00132096   0.0113431    0.254514    0.200258   0.0926324
 -0.0466035   0.0237237    0.200258     100.597     49.4132
 -0.0236583  -0.0339912   0.0926324     49.4132     102.848
0.00042334 0.00129545 0.00130605 -0.0466784 -0.0239697
0.00129545 0.00601408  0.0112626  0.0242128 -0.0334071
0.00130605  0.0112626   0.254491   0.201212  0.0941298
-0.0466784  0.0242128   0.201212    101.034    50.1641
-0.0239697 -0.0334071  0.0941298    50.1641    102.811
0.000418313  0.00126741  0.00129177  -0.0467562  -0.0242767
 0.00126741  0.00585921   0.0111869   0.0247059   -0.032818
 0.00129177   0.0111869    0.254467    0.202221   0.0956334
 -0.0467562   0.0247059    0.202221     101.482     50.9093
 -0.0242767   -0.032818   0.0956334     50.9093     102.769
0.000413505  0.00124104  0.00127807  -0.0468366  -0.0245792
 0.00124104  0.00571617   0.0111157   0.0252029  -0.0322239
 0.00127807   0.0111157    0.254444    0.203272   0.0971365
 -0.0468366   0.0252029    0.203272     101.939     51.6488
 -0.0245792  -0.0322239   0.0971365     51.6488     102.723
0.000408906  0.00121623  0.00126493  -0.0469197  -0.0248772
 0.00121623  0.00558399   0.0110487   0.0257038  -0.0316251
 0.00126493   0.0110487    0.254422    0.204356   0.0986347
 -0.0469197   0.0257038    0.204356     102.406     52.3825
 -0.0248772  -0.0316251   0.0986347     52.3825     102.672
0.000404506  0.00119289  0.00125231  -0.0470054  -0.0251706
 0.00119289  0.00546177   0.0109856   0.0262085  -0.0310217
 0.00125231   0.0109856    0.254402    0.205465    0.100125
 -0.0470054   0.0262085    0.205465     102.882     53.1103
 -0.0251706  -0.0310217    0.100125     53.1103     102.618
0.000400297  0.00117092  0.00124018  -0.0470934  -0.0254595
 0.00117092  0.00534871   0.0109262   0.0267165   -0.030414
 0.00124018   0.0109262    0.254384    0.206596    0.101606
 -0.0470934   0.0267165    0.206596     103.367     53.8322
 -0.0254595   -0.030414    0.101606     53.8322      102.56
0.000396271  0.00115023  0.00122852  -0.0471839  -0.0257438
 0.00115023  0.00524409   0.0108702   0.0272278  -0.0298022
 0.00122852   0.0108702    0.254367    0.207747    0.103076
 -0.0471839   0.0272278    0.207747     103.862     54.5482
 -0.0257438  -0.0298022    0.103076     54.5482     102.497
0.000392419  0.00113075  0.00121731  -0.0472767  -0.0260235
 0.00113075  0.00514723   0.0108175    0.027742  -0.0291867
 0.00121731   0.0108175    0.254352    0.208915    0.104534
 -0.0472767    0.027742    0.208915     104.365      55.258
 -0.0260235  -0.0291867    0.104534      55.258      102.43
0.000388734  0.00111241  0.00120654  -0.0473718  -0.0262987
 0.00111241  0.00505755   0.0107678   0.0282587  -0.0285676
 0.00120654   0.0107678    0.254339      0.2101    0.105981
 -0.0473718   0.0282587      0.2101     104.877     55.9618
 -0.0262987  -0.0285676    0.105981     55.9618     102.359
0.00038521 0.00109513 0.00119618 -0.0474691 -0.0265692
0.00109513 0.00497448   0.010721  0.0287777 -0.0279454
0.00119618   0.010721   0.254327   0.211302   0.107416
-0.0474691  0.0287777   0.211302    105.397    56.6594
-0.0265692 -0.0279454   0.107416    56.6594    102.284
0.00038184 0.00107885 0.00118623 -0.0475687 -0.0268352
0.00107885 0.00489752  0.0106769  0.0292987 -0.0273202
0.00118623  0.0106769   0.254317   0.212521    0.10884
-0.0475687  0.0292987   0.212521    105.925    57.3508
-0.0268352 -0.0273202    0.10884    57.3508    102.205
0.000378617  0.00106351  0.00117667  -0.0476705  -0.0270967
 0.00106351  0.00482622   0.0106355   0.0298212  -0.0266925
 0.00117667   0.0106355    0.254308    0.213756    0.110252
 -0.0476705   0.0298212    0.213756     106.461     58.0358
 -0.0270967  -0.0266925    0.110252     58.0358     102.121
0.000375535  0.00104907  0.00116749  -0.0477745  -0.0273537
 0.00104907  0.00476015   0.0105964    0.030345  -0.0260626
 0.00116749   0.0105964    0.254299     0.21501    0.111655
 -0.0477745    0.030345     0.21501     107.004     58.7145
 -0.0273537  -0.0260626    0.111655     58.7145     102.033
0.000372598  0.00103548  0.00115894  -0.0478842  -0.0276083
 0.00103548    0.004699   0.0105601   0.0308622   -0.025435
 0.00115894   0.0105601    0.254268    0.216493    0.113163
 -0.0478842   0.0308622    0.216493     107.553     59.3856
 -0.0276083   -0.025435    0.113163     59.3856     101.941
0.000369808  0.00102274  0.00115125  -0.0480039  -0.0278627
 0.00102274   0.0046425   0.0105268    0.031365  -0.0248142
 0.00115125   0.0105268    0.254199    0.218414    0.114893
 -0.0480039    0.031365    0.218414     108.104     60.0479
 -0.0278627  -0.0248142    0.114893     60.0479     101.843
0.000367145  0.00101074  0.00114369  -0.0481259  -0.0281127
 0.00101074  0.00459014   0.0104951   0.0318703  -0.0241909
 0.00114369   0.0104951    0.254158    0.220207    0.116533
 -0.0481259   0.0318703    0.220207     108.662     60.7034
 -0.0281127  -0.0241909    0.116533     60.7034      101.74
0.000364602  0.00099944  0.00113632    -0.04825  -0.0283585
 0.00099944  0.00454165   0.0104651   0.0323776  -0.0235655
 0.00113632   0.0104651    0.254131    0.221914    0.118108
   -0.04825   0.0323776    0.221914     109.226     61.3519
 -0.0283585  -0.0235655    0.118108     61.3519     101.633
0.000362175 0.000988806  0.00112919  -0.0483764  -0.0285999
0.000988806  0.00449673   0.0104367   0.0328861  -0.0229386
 0.00112919   0.0104367     0.25411    0.223572    0.119639
 -0.0483764   0.0328861    0.223572     109.795     61.9934
 -0.0285999  -0.0229386    0.119639     61.9934     101.522
0.000359862 0.000978799   0.0011223  -0.0485052  -0.0288372
0.000978799  0.00445513   0.0104101   0.0333952  -0.0223107
  0.0011223   0.0104101    0.254092    0.225206    0.121138
 -0.0485052   0.0333952    0.225206      110.37     62.6277
 -0.0288372  -0.0223107    0.121138     62.6277     101.406
0.000357656 0.000969385  0.00111569  -0.0486363  -0.0290704
0.000969385  0.00441662    0.010385   0.0339044  -0.0216821
 0.00111569    0.010385    0.254075    0.226834    0.122616
 -0.0486363   0.0339044    0.226834     110.949     63.2548
 -0.0290704  -0.0216821    0.122616     63.2548     101.286
0.000355554  0.00096053  0.00110935  -0.0487699  -0.0292996
 0.00096053  0.00438097   0.0103615   0.0344132  -0.0210533
 0.00110935   0.0103615    0.254058    0.228466     0.12408
 -0.0487699   0.0344132    0.228466     111.534     63.8746
 -0.0292996  -0.0210533     0.12408     63.8746     101.162
0.000353553 0.000952205  0.00110328   -0.048906  -0.0295248
0.000952205    0.004348   0.0103395   0.0349213  -0.0204247
 0.00110328   0.0103395    0.254041    0.230111    0.125534
  -0.048906   0.0349213    0.230111     112.123      64.487
 -0.0295248  -0.0204247    0.125534      64.487     101.032
0.000351649 0.000944381  0.00109747  -0.0490446   -0.029746
0.000944381  0.00431751   0.0103188   0.0354284  -0.0197965
 0.00109747   0.0103188    0.254024    0.231772     0.12698
 -0.0490446   0.0354284    0.231772     112.716     65.0918
  -0.029746  -0.0197965     0.12698     65.0918     100.899
0.000349837 0.000937031  0.00109192  -0.0491856  -0.0299635
0.000937031  0.00428932   0.0102995   0.0359342   -0.019169
 0.00109192   0.0102995    0.254006    0.233452    0.128419
 -0.0491856   0.0359342    0.233452     113.313     65.6889
 -0.0299635   -0.019169    0.128419     65.6889     100.761
0.000348115 0.000930128  0.00108661  -0.0493291  -0.0301771
0.000930128  0.00426327   0.0102815   0.0364385  -0.0185425
 0.00108661   0.0102815    0.253988    0.235149    0.129852
 -0.0493291   0.0364385    0.235149     113.913     66.2784
 -0.0301771  -0.0185425    0.129852     66.2784     100.618
0.000346479 0.000923647  0.00108155  -0.0494749  -0.0303868
0.000923647  0.00423922   0.0102646   0.0369412  -0.0179171
 0.00108155   0.0102646     0.25397    0.236863    0.131276
 -0.0494749   0.0369412    0.236863     114.516     66.8601
 -0.0303868  -0.0179171    0.131276     66.8601     100.471
0.000344915 0.000917535  0.00107636   -0.049618  -0.0305898
0.000917535  0.00421693   0.0102483   0.0374517  -0.0172874
 0.00107636   0.0102483    0.253987    0.238236    0.132487
  -0.049618   0.0374517    0.238236     115.126     67.4359
 -0.0305898  -0.0172874    0.132487     67.4359      100.32
 0.00034343 0.000911799  0.00107147  -0.0497633  -0.0307889
0.000911799  0.00419636   0.0102332   0.0379594  -0.0166598
 0.00107147   0.0102332     0.25399    0.239701    0.133735
 -0.0497633   0.0379594    0.239701     115.739      68.004
 -0.0307889  -0.0166598    0.133735      68.004     100.165
0.000342013 0.000906395  0.00106659  -0.0499068   -0.030982
0.000906395  0.00417733   0.0102189   0.0384715    -0.01603
 0.00106659   0.0102189    0.254012    0.240958    0.134844
 -0.0499068   0.0384715    0.240958     116.358     68.5658
  -0.030982    -0.01603    0.134844     68.5658     100.007
0.000340668 0.000901323  0.00106197  -0.0500515  -0.0311707
0.000901323  0.00415978   0.0102056   0.0389814  -0.0154022
 0.00106197   0.0102056    0.254024    0.242273    0.135971
 -0.0500515   0.0389814    0.242273     116.979     69.1202
 -0.0311707  -0.0154022    0.135971     69.1202     99.8445
0.000339392 0.000896567  0.00105762  -0.0501982  -0.0313557
0.000896567  0.00414361   0.0101934   0.0394877  -0.0147774
 0.00105762   0.0101934    0.254027     0.24368    0.137135
 -0.0501982   0.0394877     0.24368     117.603     69.6668
 -0.0313557  -0.0147774    0.137135     69.6668     99.6777
0.000338183 0.000892113  0.00105353  -0.0503469  -0.0315369
0.000892113  0.00412873   0.0101821   0.0399901  -0.0141558
 0.00105353   0.0101821    0.254024    0.245161    0.138325
 -0.0503469   0.0399901    0.245161     118.229     70.2056
 -0.0315369  -0.0141558    0.138325     70.2056     99.5067
0.000337039 0.000887942  0.00104965  -0.0504977  -0.0317145
0.000887942  0.00411504   0.0101717   0.0404887  -0.0135374
 0.00104965   0.0101717     0.25402    0.246696     0.13953
 -0.0504977   0.0404887    0.246696     118.858     70.7365
 -0.0317145  -0.0135374     0.13953     70.7365     99.3314
0.000335957 0.000884039  0.00104598  -0.0506504  -0.0318885
0.000884039  0.00410247    0.010162   0.0409834  -0.0129225
 0.00104598    0.010162    0.254014     0.24827    0.140742
 -0.0506504   0.0409834     0.24827     119.487     71.2594
 -0.0318885  -0.0129225    0.140742     71.2594     99.1519
0.000334934 0.000880389  0.00104248  -0.0508049  -0.0320589
0.000880389  0.00409094    0.010153   0.0414742  -0.0123112
 0.00104248    0.010153    0.254008    0.249871    0.141953
 -0.0508049   0.0414742    0.249871     120.119     71.7743
 -0.0320589  -0.0123112    0.141953     71.7743     98.9681
0.000333968 0.000876978  0.00103915  -0.0509614  -0.0322258
0.000876978  0.00408035   0.0101447   0.0419611  -0.0117035
 0.00103915   0.0101447    0.254002    0.251492    0.143159
 -0.0509614   0.0419611    0.251492     120.751     72.2813
 -0.0322258  -0.0117035    0.143159     72.2813     98.7803
0.000333057 0.000873791  0.00103598  -0.0511196   -0.032389
0.000873791  0.00407066   0.0101371   0.0424441  -0.0110996
 0.00103598   0.0101371    0.253996    0.253125    0.144357
 -0.0511196   0.0424441    0.253125     121.385     72.7801
  -0.032389  -0.0110996    0.144357     72.7801     98.5882
0.000332198 0.000870816  0.00103296  -0.0512795  -0.0325488
0.000870816  0.00406179     0.01013    0.042923  -0.0104996
 0.00103296     0.01013    0.253991    0.254766    0.145544
 -0.0512795    0.042923    0.254766     122.019      73.271
 -0.0325488  -0.0104996    0.145544      73.271     98.3921
0.000331388  0.00086804  0.00103008  -0.0514411   -0.032705
 0.00086804  0.00405368   0.0101234   0.0433978 -0.00990369
 0.00103008   0.0101234    0.253987    0.256412    0.146719
 -0.0514411   0.0433978    0.256412     122.654     73.7537
  -0.032705 -0.00990369    0.146719     73.7537      98.192
0.000330627 0.000865451  0.00102732  -0.0516043  -0.0328578
0.000865451  0.00404627   0.0101174   0.0438686 -0.00931194
 0.00102732   0.0101174    0.253982    0.258059    0.147879
 -0.0516043   0.0438686    0.258059     123.289     74.2283
 -0.0328578 -0.00931194    0.147879     74.2283     97.9878
0.000329912  0.00086304   0.0010247  -0.0517691   -0.033007
 0.00086304  0.00403952   0.0101119   0.0443352 -0.00872448
  0.0010247   0.0101119    0.253979    0.259706    0.149023
 -0.0517691   0.0443352    0.259706     123.925     74.6947
  -0.033007 -0.00872448    0.149023     74.6947     97.7797
 0.00032924 0.000860793  0.00102219  -0.0519353  -0.0331529
0.000860793  0.00403336   0.0101069   0.0447977 -0.00814144
 0.00102219   0.0101069    0.253975     0.26135    0.150152
 -0.0519353   0.0447977     0.26135      124.56      75.153
 -0.0331529 -0.00814144    0.150152      75.153     97.5676
 0.00032861 0.000858703   0.0010198  -0.0521029  -0.0332953
0.000858703  0.00402777   0.0101023   0.0452559 -0.00756292
  0.0010198   0.0101023    0.253972     0.26299    0.151263
 -0.0521029   0.0452559     0.26299     125.195     75.6031
 -0.0332953 -0.00756292    0.151263     75.6031     97.3516
0.000327961 0.000856588  0.00101565  -0.0522419   -0.033416
0.000856588  0.00402221   0.0100952   0.0457655 -0.00695453
 0.00101565   0.0100952    0.254176    0.262343    0.150994
 -0.0522419   0.0457655    0.262343     125.854     76.0594
  -0.033416 -0.00695453    0.150994     76.0594     97.1403
0.000327366  0.00085466  0.00101267  -0.0523911  -0.0335388
 0.00085466  0.00401728   0.0100905   0.0462476 -0.00636531
 0.00101267   0.0100905    0.254224    0.262934    0.151455
 -0.0523911   0.0462476    0.262934     126.507      76.504
 -0.0335388 -0.00636531    0.151455      76.504     96.9231
0.000326927 0.000853206  0.00101372  -0.0526022  -0.0336957
0.000853206  0.00401374   0.0100921   0.0466098 -0.00585287
 0.00101372   0.0100921    0.253827    0.268552    0.154909
 -0.0526022   0.0466098    0.268552     127.108       76.91
 -0.0336957 -0.00585287    0.154909       76.91     96.6841
 0.00032647 0.000851721  0.00101232  -0.0527877  -0.0338327
0.000851721  0.00401017   0.0100894   0.0470279 -0.00530775
 0.00101232   0.0100894    0.253811    0.270942    0.156407
 -0.0527877   0.0470279    0.270942     127.729     77.3211
 -0.0338327 -0.00530775    0.156407     77.3211     96.4493
0.000325999 0.000850213  0.00100937    -0.05295  -0.0339513
0.000850213  0.00400658   0.0100846   0.0474892 -0.00473807
 0.00100937   0.0100846    0.253968    0.271225     0.15663
   -0.05295   0.0474892    0.271225      128.37     77.7361
 -0.0339513 -0.00473807     0.15663     77.7361     96.2181
0.000325561 0.000848815  0.00100688  -0.0531142  -0.0340674
0.000848815  0.00400335    0.010081   0.0479409 -0.00417686
 0.00100688    0.010081    0.254042    0.271931    0.157098
 -0.0531142   0.0479409    0.271931     129.009     78.1426
 -0.0340674 -0.00417686    0.157098     78.1426     95.9831
0.000325151 0.000847513  0.00100465  -0.0532791    -0.03418
0.000847513  0.00400042   0.0100781   0.0483862  -0.0036221
 0.00100465   0.0100781    0.254083    0.272837    0.157674
 -0.0532791   0.0483862    0.272837     129.647     78.5413
   -0.03418  -0.0036221    0.157674     78.5413     95.7448
0.000324772 0.000846308  0.00100268  -0.0534459  -0.0342901
0.000846308   0.0039978   0.0100758   0.0488233   -0.003075
 0.00100268   0.0100758      0.2541    0.273973    0.158377
 -0.0534459   0.0488233    0.273973     130.283     78.9315
 -0.0342901   -0.003075    0.158377     78.9315     95.5028
0.000324421 0.000845196  0.00100092  -0.0536146  -0.0343976
0.000845196  0.00399546   0.0100739   0.0492526 -0.00253544
 0.00100092   0.0100739    0.254104    0.275285    0.159172
 -0.0536146   0.0492526    0.275285     130.917     79.3132
 -0.0343976 -0.00253544    0.159172     79.3132     95.2572
0.000324098 0.000844169 0.000999329  -0.0537851  -0.0345027
0.000844169  0.00399337   0.0100723   0.0496746 -0.00200312
0.000999329   0.0100723    0.254102    0.276714    0.160025
 -0.0537851   0.0496746    0.276714     131.548     79.6864
 -0.0345027 -0.00200312    0.160025     79.6864      95.008
0.000323799 0.000843221 0.000997849  -0.0539571  -0.0346052
0.000843221  0.00399152    0.010071   0.0500901 -0.00147761
0.000997849    0.010071    0.254099    0.278209    0.160904
 -0.0539571   0.0500901    0.278209     132.176     80.0513
 -0.0346052 -0.00147761    0.160904     80.0513     94.7553
 0.000323525  0.000842347  0.000996458   -0.0541304    -0.034705
 0.000842347   0.00398987    0.0100698    0.0504997 -0.000958632
 0.000996458    0.0100698     0.254096     0.279737     0.161789
  -0.0541304    0.0504997     0.279737      132.802      80.4078
   -0.034705 -0.000958632     0.161789      80.4078      94.4993
 0.000323273   0.00084154  0.000995139   -0.0543048   -0.0348021
  0.00084154   0.00398841    0.0100688    0.0509037 -0.000446052
 0.000995139    0.0100688     0.254094     0.281279     0.162671
  -0.0543048    0.0509037     0.281279      133.424       80.756
  -0.0348021 -0.000446052     0.162671       80.756        94.24
0.000323042 0.000840796 0.000993886  -0.0544804  -0.0348965
0.000840796  0.00398712   0.0100679   0.0513022 6.01865e-05
0.000993886   0.0100679    0.254092    0.282828    0.163544
 -0.0544804   0.0513022    0.282828     134.044     81.0961
 -0.0348965 6.01865e-05    0.163544     81.0961     93.9774
0.000322832 0.000840111 0.000992695  -0.0546569  -0.0349882
0.000840111  0.00398599   0.0100672   0.0516954 0.000560094
0.000992695   0.0100672     0.25409    0.284381    0.164407
 -0.0546569   0.0516954    0.284381     134.661     81.4278
 -0.0349882 0.000560094    0.164407     81.4278     93.7117
 0.00032264  0.00083948 0.000991563  -0.0548343  -0.0350773
 0.00083948    0.003985   0.0100667   0.0520833  0.00105364
0.000991563   0.0100667    0.254089    0.285937    0.165261
 -0.0548343   0.0520833    0.285937     135.275     81.7514
 -0.0350773  0.00105364    0.165261     81.7514     93.4429
0.000322468 0.000838901 0.000990491  -0.0550128  -0.0351638
0.000838901  0.00398414   0.0100663   0.0524659  0.00154078
0.000990491   0.0100663    0.254086    0.287499    0.166107
 -0.0550128   0.0524659    0.287499     135.885     82.0666
 -0.0351638  0.00154078    0.166107     82.0666     93.1709
0.000322312  0.00083837 0.000989479  -0.0551922  -0.0352478
 0.00083837   0.0039834    0.010066   0.0528432  0.00202144
0.000989479    0.010066    0.254083    0.289071    0.166947
 -0.0551922   0.0528432    0.289071     136.491     82.3736
 -0.0352478  0.00202144    0.166947     82.3736     92.8959
0.000322174 0.000837883 0.000988528  -0.0553725  -0.0353295
0.000837883  0.00398277   0.0100658   0.0532152  0.00249555
0.000988528   0.0100658    0.254078    0.290657    0.167784
 -0.0553725   0.0532152    0.290657     137.093     82.6721
 -0.0353295  0.00249555    0.167784     82.6721     92.6178
0.000322051 0.000837439 0.000987636  -0.0555539  -0.0354087
0.000837439  0.00398223   0.0100658   0.0535818  0.00296307
0.000987636   0.0100658    0.254072    0.292258    0.168619
 -0.0555539   0.0535818    0.292258     137.691     82.9623
 -0.0354087  0.00296307    0.168619     82.9623     92.3367
0.000321944 0.000837034 0.000986804  -0.0557363  -0.0354857
0.000837034  0.00398178   0.0100659   0.0539431  0.00342397
0.000986804   0.0100659    0.254064    0.293876    0.169453
 -0.0557363   0.0539431    0.293876     138.284      83.244
 -0.0354857  0.00342397    0.169453      83.244     92.0525
0.000321851 0.000836666 0.000986027  -0.0559197  -0.0355605
0.000836666  0.00398142   0.0100661   0.0542992  0.00387826
0.000986027   0.0100661    0.254055     0.29551    0.170286
 -0.0559197   0.0542992     0.29551     138.872     83.5173
 -0.0355605  0.00387826    0.170286     83.5173     91.7654
0.000321773 0.000836333 0.000985303   -0.056104  -0.0356331
0.000836333  0.00398113   0.0100664   0.0546502  0.00432602
0.000985303   0.0100664    0.254045    0.297157    0.171116
  -0.056104   0.0546502    0.297157     139.455      83.782
 -0.0356331  0.00432602    0.171116      83.782     91.4753
0.000321729 0.000836092  0.00098525  -0.0563005  -0.0357104
0.000836092  0.00398107   0.0100678   0.0549743  0.00475372
 0.00098525   0.0100678    0.253957    0.299769    0.172508
 -0.0563005   0.0549743    0.299769     140.021     84.0316
 -0.0357104  0.00475372    0.172508     84.0316     91.1783
0.000321709 0.000835913 0.000985395  -0.0565037  -0.0357891
0.000835913  0.00398115   0.0100694   0.0552849  0.00516966
0.000985395   0.0100694    0.253864    0.302651    0.174047
 -0.0565037   0.0552849    0.302651     140.576     84.2687
 -0.0357891  0.00516966    0.174047     84.2687     90.8762
  0.0003217 0.000835755 0.000985307  -0.0567063  -0.0358648
0.000835755  0.00398125   0.0100706   0.0555971  0.00558307
0.000985307   0.0100706    0.253815    0.305129    0.175333
 -0.0567063   0.0555971    0.305129     141.125     84.4978
 -0.0358648  0.00558307    0.175333     84.4978     90.5716
0.000321699 0.000835614 0.000985068  -0.0569081  -0.0359374
0.000835614  0.00398138   0.0100715   0.0559103  0.00599359
0.000985068   0.0100715    0.253788    0.307309    0.176431
 -0.0569081   0.0559103    0.307309     141.669     84.7189
 -0.0359374  0.00599359    0.176431     84.7189     90.2645
0.000321707  0.00083549 0.000984734  -0.0571089  -0.0360069
 0.00083549  0.00398153   0.0100723    0.056224  0.00640086
0.000984734   0.0100723    0.253772    0.309273    0.177392
 -0.0571089    0.056224    0.309273     142.207      84.932
 -0.0360069  0.00640086    0.177392      84.932      89.955
0.000321723 0.000835378 0.000984344  -0.0573085  -0.0360733
0.000835378  0.00398168   0.0100731   0.0565381  0.00680468
0.000984344   0.0100731    0.253761    0.311077    0.178248
 -0.0573085   0.0565381    0.311077     142.741     85.1372
 -0.0360733  0.00680468    0.178248     85.1372     89.6432
0.000321746 0.000835278 0.000983922  -0.0575069  -0.0361366
0.000835278  0.00398184   0.0100738   0.0568523   0.0072049
0.000983922   0.0100738    0.253753    0.312758    0.179023
 -0.0575069   0.0568523    0.312758     143.268     85.3345
 -0.0361366   0.0072049    0.179023     85.3345     89.3292
0.000321775 0.000835187 0.000983482  -0.0577039  -0.0361967
0.000835187    0.003982   0.0100746   0.0571667  0.00760148
0.000983482   0.0100746    0.253747     0.31434    0.179731
 -0.0577039   0.0571667     0.31434     143.791     85.5242
 -0.0361967  0.00760148    0.179731     85.5242      89.013
0.000321809 0.000835104 0.000983031  -0.0578992  -0.0362536
0.000835104  0.00398215   0.0100754   0.0574813  0.00799441
0.000983031   0.0100754    0.253743    0.315837    0.180381
 -0.0578992   0.0574813    0.315837     144.308     85.7063
 -0.0362536  0.00799441    0.180381     85.7063     88.6949
0.000321848 0.000835025 0.000982569  -0.0580926  -0.0363072
0.000835025   0.0039823   0.0100763   0.0577962  0.00838378
0.000982569   0.0100763    0.253741    0.317256    0.180976
 -0.0580926   0.0577962    0.317256     144.819     85.8809
 -0.0363072  0.00838378    0.180976     85.8809     88.3748
0.000321905 0.000834989 0.000982495  -0.0582915   -0.036362
0.000834989  0.00398255   0.0100778   0.0580967  0.00876051
0.000982495   0.0100778    0.253689    0.319265     0.18191
 -0.0582915   0.0580967    0.319265     145.317     86.0435
  -0.036362  0.00876051     0.18191     86.0435     88.0502
0.000321951 0.000834916  0.00098192  -0.0584808   -0.036409
0.000834916  0.00398267   0.0100783   0.0584143  0.00914382
