 0.00673749  0.00207003           0           0
 0.00207003     99.4276 -0.00200251           1
          0 -0.00200251  0.00673749           0
          0           1           0     100.018
  0.00482999     0.282729 -1.20181e-06   0.00283166
    0.282729      57.5829 -0.000670828      1.58058
-1.20181e-06 -0.000670828   0.00530987  1.78365e-06
  0.00283166      1.58058  1.78365e-06      100.032
  0.00479081     0.248819 -5.07255e-07   0.00538585
    0.248819      26.0163 -0.000434398       1.8935
-5.07255e-07 -0.000434398   0.00524273   1.7989e-06
  0.00538585       1.8935   1.7989e-06      100.036
  0.00440283     0.177228 -3.73914e-07   0.00842869
    0.177228      12.7803 -0.000414879      2.25575
-3.73914e-07 -0.000414879   0.00523942  1.74973e-06
  0.00842869      2.25575  1.74973e-06      100.024
  0.00395248     0.126988 -4.15867e-07    0.0128097
    0.126988      7.17087 -0.000419778       2.6745
-4.15867e-07 -0.000419778   0.00523925  2.30165e-06
   0.0128097       2.6745  2.30165e-06      99.9831
  0.00355929    0.0946555 -4.84115e-07    0.0186601
   0.0946555      4.51049 -0.000425403      3.12247
-4.84115e-07 -0.000425403   0.00523925  3.35392e-06
   0.0186601      3.12247  3.35392e-06      99.8919
  0.00323942    0.0735226 -5.47211e-07    0.0259016
   0.0735226      3.11344 -0.000429573      3.58261
-5.47211e-07 -0.000429573   0.00523924  4.79732e-06
   0.0259016      3.58261  4.79732e-06      99.7185
  0.00298422    0.0593074 -6.00112e-07    0.0343887
   0.0593074      2.32108 -0.000432519      4.04416
-6.00112e-07 -0.000432519   0.00523924   6.5648e-06
   0.0343887      4.04416   6.5648e-06      99.4217
  0.00278183    0.0495142 -6.43224e-07    0.0439359
   0.0495142      1.84683 -0.000434605      4.49871
-6.43224e-07 -0.000434605   0.00523924  8.60371e-06
   0.0439359      4.49871  8.60371e-06      98.9521
  0.00262198     0.042667 -6.77906e-07    0.0543198
    0.042667      1.55326 -0.000436091       4.9382
-6.77906e-07 -0.000436091   0.00523924  1.08603e-05
   0.0543198       4.9382  1.08603e-05      98.2536
  0.00249657    0.0378592 -7.05497e-07    0.0652778
   0.0378592      1.36874 -0.000437149       5.3542
-7.05497e-07 -0.000437149   0.00523924  1.32737e-05
   0.0652778       5.3542  1.32737e-05      97.2672
  0.00239928    0.0345078 -7.27146e-07    0.0765098
   0.0345078      1.25311 -0.000437894      5.73775
-7.27146e-07 -0.000437894   0.00523924  1.57752e-05
   0.0765098      5.73775  1.57752e-05      95.9363
  0.00232511    0.0322188 -7.43817e-07    0.0876858
   0.0322188      1.18232 -0.000438409      6.07964
-7.43817e-07 -0.000438409   0.00523924  1.82889e-05
   0.0876858      6.07964  1.82889e-05      94.2123
  0.00226995    0.0307119 -7.56333e-07      0.09846
   0.0307119      1.14102  -0.00043875      6.37104
-7.56333e-07  -0.00043875   0.00523924  2.07351e-05
     0.09846      6.37104  2.07351e-05      92.0608
  0.00223027    0.0297778  -7.6542e-07     0.108492
   0.0297778      1.11888 -0.000438964      6.60421
 -7.6542e-07 -0.000438964   0.00523924  2.30343e-05
    0.108492      6.60421  2.30343e-05      89.4679
    0.002203    0.0292537 -7.71732e-07     0.117469
   0.0292537      1.10866 -0.000439086      6.77338
-7.71732e-07 -0.000439086   0.00523924  2.51137e-05
    0.117469      6.77338  2.51137e-05      86.4434
  0.00218537    0.0290099 -7.75863e-07     0.125135
   0.0290099      1.10511 -0.000439143      6.87534
-7.75863e-07 -0.000439143   0.00523924  2.69118e-05
    0.125135      6.87534  2.69118e-05      83.0222
   0.0021749    0.0289421 -7.78355e-07     0.131304
   0.0289421      1.10444 -0.000439159      6.90993
-7.78355e-07 -0.000439159   0.00523924  2.83835e-05
    0.131304      6.90993  2.83835e-05      79.2622
  0.00216945    0.0289682 -7.79685e-07     0.135879
   0.0289682      1.10397 -0.000439152      6.87999
-7.79685e-07 -0.000439152   0.00523924  2.95031e-05
    0.135879      6.87999  2.95031e-05      75.2391
  0.00216715    0.0290252 -7.80267e-07     0.138847
   0.0290252      1.10191 -0.000439137      6.79107
-7.80267e-07 -0.000439137   0.00523924  3.02645e-05
    0.138847      6.79107  3.02645e-05      71.0397
  0.00216653    0.0290676  -7.8044e-07     0.140277
   0.0290676      1.09719 -0.000439125      6.65078
 -7.8044e-07 -0.000439125   0.00523924  3.06799e-05
    0.140277      6.65078  3.06799e-05      66.7535
  0.00216641    0.0290652 -7.80466e-07     0.140298
   0.0290652       1.0893 -0.000439121      6.46801
-7.80466e-07 -0.000439121   0.00523924  3.07762e-05
    0.140298      6.46801  3.07762e-05      62.4662
  0.00216598    0.0290006  -7.8054e-07     0.139086
   0.0290006      1.07817 -0.000439131      6.25213
 -7.8054e-07 -0.000439131   0.00523924  3.05906e-05
    0.139086      6.25213  3.05906e-05      58.2533
  0.00216467    0.0288664  -7.8079e-07     0.136838
   0.0288664        1.064 -0.000439157      6.01229
 -7.8079e-07 -0.000439157   0.00523924  3.01663e-05
    0.136838      6.01229  3.01663e-05      54.1772
  0.00216217    0.0286627 -7.81292e-07     0.133757
   0.0286627       1.0472 -0.000439198      5.75688
-7.81292e-07 -0.000439198   0.00523924  2.95482e-05
    0.133757      5.75688  2.95482e-05      50.2856
  0.00215837    0.0283946  -7.8208e-07     0.130038
   0.0283946      1.02825 -0.000439253      5.49322
 -7.8208e-07 -0.000439253   0.00523924  2.87797e-05
    0.130038      5.49322  2.87797e-05      46.6115
  0.00215325    0.0280705 -7.83156e-07     0.125859
   0.0280705      1.00766 -0.000439321      5.22739
-7.83156e-07 -0.000439321   0.00523924  2.79007e-05
    0.125859      5.22739  2.79007e-05      43.1747
  0.00214692    0.0276998 -7.84505e-07     0.121375
   0.0276998     0.985937   -0.0004394      4.96423
-7.84505e-07   -0.0004394   0.00523924  2.69461e-05
    0.121375      4.96423  2.69461e-05      39.9842
  0.00213952    0.0272926 -7.86094e-07     0.116714
   0.0272926     0.963521 -0.000439488      4.70743
-7.86094e-07 -0.000439488   0.00523924  2.59455e-05
    0.116714      4.70743  2.59455e-05      37.0402
  0.00213122    0.0268585 -7.87887e-07     0.111982
   0.0268585     0.940799 -0.000439581      4.45964
-7.87887e-07 -0.000439581   0.00523924  2.49232e-05
    0.111982      4.45964  2.49232e-05      34.3364
   0.0021222    0.0264061 -7.89846e-07     0.107262
   0.0264061     0.918091  -0.00043968      4.22266
-7.89846e-07  -0.00043968   0.00523924  2.38982e-05
    0.107262      4.22266  2.38982e-05      31.8621
  0.00211263    0.0259429 -7.91931e-07     0.102617
   0.0259429     0.895652 -0.000439781      3.99759
-7.91931e-07 -0.000439781   0.00523924  2.28855e-05
    0.102617      3.99759  2.28855e-05      29.6038
  0.00210268    0.0254754 -7.94109e-07    0.0980948
   0.0254754     0.873682 -0.000439883        3.785
-7.94109e-07 -0.000439883   0.00523924  2.18959e-05
   0.0980948        3.785  2.18959e-05      27.5461
  0.00209249    0.0250088 -7.96346e-07    0.0937268
   0.0250088     0.852326 -0.000439985      3.58504
-7.96346e-07 -0.000439985   0.00523924  2.09373e-05
   0.0937268      3.58504  2.09373e-05      25.6734
  0.00208217    0.0245473 -7.98617e-07    0.0895351
   0.0245473     0.831689 -0.000440087      3.39756
-7.98617e-07 -0.000440087   0.00523924  2.00152e-05
   0.0895351      3.39756  2.00152e-05      23.9699
  0.00207182    0.0240943 -8.00897e-07    0.0855329
   0.0240943     0.811842 -0.000440187      3.22221
-8.00897e-07 -0.000440187   0.00523924  1.91329e-05
   0.0855329      3.22221  1.91329e-05      22.4203
  0.00206154    0.0236521 -8.03168e-07    0.0817266
   0.0236521     0.792827 -0.000440284      3.05848
-8.03168e-07 -0.000440284   0.00523924  1.82921e-05
   0.0817266      3.05848  1.82921e-05      21.0104
   0.0020514    0.0232228 -8.05413e-07    0.0781178
   0.0232228     0.774663 -0.000440379      2.90579
-8.05413e-07 -0.000440379   0.00523924  1.74937e-05
   0.0781178      2.90579  1.74937e-05      19.7266
  0.00204143    0.0228075 -8.07621e-07    0.0747041
   0.0228075     0.757353 -0.000440471      2.76349
-8.07621e-07 -0.000440471   0.00523924  1.67373e-05
   0.0747041      2.76349  1.67373e-05      18.5566
  0.00203169    0.0224071 -8.09781e-07    0.0714806
   0.0224071     0.740889  -0.00044056      2.63093
-8.09781e-07  -0.00044056   0.00523924  1.60221e-05
   0.0714806      2.63093  1.60221e-05      17.4893
  0.00202222    0.0220221 -8.11887e-07    0.0684409
   0.0220221      0.72525 -0.000440646      2.50745
-8.11887e-07 -0.000440646   0.00523924  1.53469e-05
   0.0684409      2.50745  1.53469e-05      16.5143
  0.00201302    0.0216527 -8.13933e-07    0.0655769
   0.0216527     0.710412 -0.000440728      2.39242
-8.13933e-07 -0.000440728   0.00523924  1.47101e-05
   0.0655769      2.39242  1.47101e-05      15.6224
  0.00200411    0.0212988 -8.15914e-07    0.0628802
   0.0212988     0.696344 -0.000440807      2.28522
-8.15914e-07 -0.000440807   0.00523924  1.41098e-05
   0.0628802      2.28522  1.41098e-05      14.8055
  0.00199551    0.0209602  -8.1783e-07    0.0603419
   0.0209602     0.683014 -0.000440882      2.18527
 -8.1783e-07 -0.000440882   0.00523924  1.35443e-05
   0.0603419      2.18527  1.35443e-05      14.0561
  0.00198723    0.0206367 -8.19678e-07    0.0579529
   0.0206367     0.670387 -0.000440954      2.09203
-8.19678e-07 -0.000440954   0.00523924  1.30117e-05
   0.0579529      2.09203  1.30117e-05      13.3674
  0.00197925    0.0203278 -8.21458e-07    0.0557045
   0.0203278     0.658428 -0.000441023      2.00497
-8.21458e-07 -0.000441023   0.00523924    1.251e-05
   0.0557045      2.00497    1.251e-05      12.7337
  0.00197158    0.0200331 -8.23171e-07    0.0535879
   0.0200331     0.647102 -0.000441089      1.92363
-8.23171e-07 -0.000441089   0.00523924  1.20374e-05
   0.0535879      1.92363  1.20374e-05      12.1495
  0.00196421     0.019752 -8.24816e-07    0.0515949
    0.019752     0.636376 -0.000441152      1.84757
-8.24816e-07 -0.000441152   0.00523924  1.15921e-05
   0.0515949      1.84757  1.15921e-05      11.6102
  0.00195714     0.019484 -8.26396e-07    0.0497175
    0.019484     0.626215 -0.000441212      1.77639
-8.26396e-07 -0.000441212   0.00523924  1.11724e-05
   0.0497175      1.77639  1.11724e-05      11.1115
  0.00195037    0.0192286 -8.27912e-07    0.0479482
   0.0192286     0.616587 -0.000441269       1.7097
-8.27912e-07 -0.000441269   0.00523924  1.07767e-05
   0.0479482       1.7097  1.07767e-05      10.6496
  0.00194387    0.0189851 -8.29366e-07      0.04628
   0.0189851     0.607462 -0.000441323      1.64718
-8.29366e-07 -0.000441323   0.00523924  1.04034e-05
     0.04628      1.64718  1.04034e-05      10.2211
  0.00193765    0.0187531 -8.30759e-07    0.0447061
   0.0187531     0.598809 -0.000441375      1.58849
-8.30759e-07 -0.000441375   0.00523924   1.0051e-05
   0.0447061      1.58849   1.0051e-05      9.82307
  0.00193169    0.0185319 -8.32094e-07    0.0432203
   0.0185319     0.590602 -0.000441425      1.53336
-8.32094e-07 -0.000441425   0.00523924  9.71823e-06
   0.0432203      1.53336  9.71823e-06      9.45273
  0.00192598     0.018321 -8.33373e-07    0.0418169
    0.018321     0.582815 -0.000441472      1.48152
-8.33373e-07 -0.000441472   0.00523924  9.40376e-06
   0.0418169      1.48152  9.40376e-06      9.10765
  0.00192051      0.01812 -8.34598e-07    0.0404903
     0.01812     0.575421 -0.000441517      1.43273
-8.34598e-07 -0.000441517   0.00523924  9.10641e-06
   0.0404903      1.43273  9.10641e-06      8.78564
  0.00191528    0.0179283 -8.35772e-07    0.0392355
   0.0179283     0.568398  -0.00044156      1.38676
-8.35772e-07  -0.00044156   0.00523924  8.82506e-06
   0.0392355      1.38676  8.82506e-06      8.48475
  0.00191027    0.0177455 -8.36895e-07    0.0380479
   0.0177455     0.561725 -0.000441601      1.34342
-8.36895e-07 -0.000441601   0.00523924  8.55868e-06
   0.0380479      1.34342  8.55868e-06       8.2032
  0.00190547     0.017571 -8.37972e-07    0.0369231
    0.017571      0.55538  -0.00044164       1.3025
-8.37972e-07  -0.00044164   0.00523924  8.30631e-06
   0.0369231       1.3025  8.30631e-06       7.9394
  0.00190088    0.0174045 -8.39002e-07     0.035857
   0.0174045     0.549343 -0.000441678      1.26385
-8.39002e-07 -0.000441678   0.00523924  8.06704e-06
    0.035857      1.26385  8.06704e-06      7.69191
  0.00189648    0.0172456  -8.3999e-07    0.0348458
   0.0172456     0.543598 -0.000441713      1.22731
 -8.3999e-07 -0.000441713   0.00523924  7.84005e-06
   0.0348458      1.22731  7.84005e-06      7.45943
  0.00189227    0.0170938 -8.40935e-07    0.0338861
   0.0170938     0.538127 -0.000441747      1.19272
-8.40935e-07 -0.000441747   0.00523924  7.62455e-06
   0.0338861      1.19272  7.62455e-06      7.24078
  0.00188824    0.0169487 -8.41842e-07    0.0329746
   0.0169487     0.532915  -0.00044178      1.15996
-8.41842e-07  -0.00044178   0.00523924  7.41984e-06
   0.0329746      1.15996  7.41984e-06      7.03489
  0.00188437    0.0168101  -8.4271e-07    0.0321084
   0.0168101     0.527945 -0.000441811       1.1289
 -8.4271e-07 -0.000441811   0.00523924  7.22524e-06
   0.0321084       1.1289  7.22524e-06       6.8408
  0.00188066    0.0166776 -8.43543e-07    0.0312845
   0.0166776     0.523206 -0.000441841      1.09944
-8.43543e-07 -0.000441841   0.00523924  7.04014e-06
   0.0312845      1.09944  7.04014e-06      6.65762
  0.00187711    0.0165509 -8.44341e-07    0.0305005
   0.0165509     0.518683 -0.000441869      1.07146
-8.44341e-07 -0.000441869   0.00523924  6.86395e-06
   0.0305005      1.07146  6.86395e-06      6.48455
  0.00187371    0.0164296 -8.45106e-07    0.0297539
   0.0164296     0.514365 -0.000441897      1.04487
-8.45106e-07 -0.000441897   0.00523924  6.69613e-06
   0.0297539      1.04487  6.69613e-06      6.32086
  0.00187044    0.0163135 -8.45841e-07    0.0290425
   0.0163135     0.510239 -0.000441923      1.01959
-8.45841e-07 -0.000441923   0.00523924   6.5362e-06
   0.0290425      1.01959   6.5362e-06      6.16589
  0.00186731    0.0162024 -8.46545e-07    0.0283641
   0.0162024     0.506297 -0.000441948     0.995527
-8.46545e-07 -0.000441948   0.00523924  6.38368e-06
   0.0283641     0.995527  6.38368e-06      6.01903
   0.0018643    0.0160959 -8.47221e-07    0.0277169
   0.0160959     0.502526 -0.000441972     0.972609
-8.47221e-07 -0.000441972   0.00523924  6.23814e-06
   0.0277169     0.972609  6.23814e-06      5.87972
  0.00186141    0.0159939  -8.4787e-07    0.0270991
   0.0159939     0.498919 -0.000441995     0.950765
 -8.4787e-07 -0.000441995   0.00523924  6.09918e-06
   0.0270991     0.950765  6.09918e-06      5.74744
  0.00185864     0.015896 -8.48494e-07    0.0265089
    0.015896     0.495466 -0.000442017     0.929932
-8.48494e-07 -0.000442017   0.00523924  5.96642e-06
   0.0265089     0.929932  5.96642e-06      5.62174
  0.00185598    0.0158022 -8.49092e-07    0.0259447
   0.0158022      0.49216 -0.000442038     0.910049
-8.49092e-07 -0.000442038   0.00523924  5.83952e-06
   0.0259447     0.910049  5.83952e-06      5.50217
  0.00185343    0.0157122 -8.49668e-07    0.0254052
   0.0157122     0.488992 -0.000442058      0.89106
-8.49668e-07 -0.000442058   0.00523924  5.71814e-06
   0.0254052      0.89106  5.71814e-06      5.38835
  0.00185097    0.0156258 -8.50221e-07     0.024889
   0.0156258     0.485955 -0.000442077     0.872913
-8.50221e-07 -0.000442077   0.00523924  5.60198e-06
    0.024889     0.872913  5.60198e-06      5.27991
   0.0018486    0.0155429 -8.50752e-07    0.0243948
   0.0155429     0.483043 -0.000442096     0.855561
-8.50752e-07 -0.000442096   0.00523924  5.49075e-06
   0.0243948     0.855561  5.49075e-06      5.17651
  0.00184633    0.0154632 -8.51264e-07    0.0239213
   0.0154632     0.480249 -0.000442114     0.838957
-8.51264e-07 -0.000442114   0.00523924   5.3842e-06
   0.0239213     0.838957   5.3842e-06      5.07784
  0.00184415    0.0153867 -8.51756e-07    0.0234675
   0.0153867     0.477567 -0.000442131     0.823061
-8.51756e-07 -0.000442131   0.00523924  5.28207e-06
   0.0234675     0.823061  5.28207e-06      4.98362
  0.00184204    0.0153131 -8.52229e-07    0.0230324
   0.0153131     0.474992 -0.000442148     0.807833
-8.52229e-07 -0.000442148   0.00523924  5.18412e-06
   0.0230324     0.807833  5.18412e-06      4.89359
  0.00184002    0.0152423 -8.52685e-07    0.0226149
   0.0152423     0.472517 -0.000442164     0.793237
-8.52685e-07 -0.000442164   0.00523924  5.09014e-06
   0.0226149     0.793237  5.09014e-06      4.80748
  0.00183807    0.0151742 -8.53123e-07    0.0222142
   0.0151742     0.470139 -0.000442179      0.77924
-8.53123e-07 -0.000442179   0.00523924  4.99992e-06
   0.0222142      0.77924  4.99992e-06      4.72509
  0.00183619    0.0151087 -8.53546e-07    0.0218293
   0.0151087     0.467853 -0.000442194     0.765808
-8.53546e-07 -0.000442194   0.00523924  4.91327e-06
   0.0218293     0.765808  4.91327e-06      4.64619
  0.00183439    0.0150456 -8.53953e-07    0.0214595
   0.0150456     0.465654 -0.000442208     0.752914
-8.53953e-07 -0.000442208   0.00523924  4.83002e-06
   0.0214595     0.752914  4.83002e-06      4.57059
  0.00183264    0.0149849 -8.54346e-07    0.0211041
   0.0149849     0.463537 -0.000442222     0.740528
-8.54346e-07 -0.000442222   0.00523924  4.74998e-06
   0.0211041     0.740528  4.74998e-06      4.49811
  0.00183096    0.0149264 -8.54724e-07    0.0207623
   0.0149264       0.4615 -0.000442235     0.728626
-8.54724e-07 -0.000442235   0.00523924  4.67301e-06
   0.0207623     0.728626  4.67301e-06      4.42858
  0.00182934      0.01487 -8.55089e-07    0.0204334
     0.01487     0.459538 -0.000442248     0.717182
-8.55089e-07 -0.000442248   0.00523924  4.59894e-06
   0.0204334     0.717182  4.59894e-06      4.36183
  0.00182778    0.0148156 -8.55441e-07    0.0201169
   0.0148156     0.457648  -0.00044226     0.706175
-8.55441e-07  -0.00044226   0.00523924  4.52766e-06
   0.0201169     0.706175  4.52766e-06      4.29773
  0.00182627    0.0147632 -8.55781e-07    0.0198121
   0.0147632     0.455826 -0.000442272     0.695581
-8.55781e-07 -0.000442272   0.00523924    4.459e-06
   0.0198121     0.695581    4.459e-06      4.23613
  0.00182481    0.0147127 -8.56109e-07    0.0195184
   0.0147127     0.454069 -0.000442283     0.685382
-8.56109e-07 -0.000442283   0.00523924  4.39287e-06
   0.0195184     0.685382  4.39287e-06      4.17691
  0.00182341    0.0146639 -8.56425e-07    0.0192354
   0.0146639     0.452375 -0.000442294     0.675558
-8.56425e-07 -0.000442294   0.00523924  4.32913e-06
   0.0192354     0.675558  4.32913e-06      4.11994
  0.00182205    0.0146168 -8.56731e-07    0.0189626
   0.0146168     0.450741 -0.000442305     0.666092
-8.56731e-07 -0.000442305   0.00523924  4.26768e-06
   0.0189626     0.666092  4.26768e-06       4.0651
  0.00182074    0.0145713 -8.57026e-07    0.0186995
   0.0145713     0.449164 -0.000442315     0.656966
-8.57026e-07 -0.000442315   0.00523924  4.20841e-06
   0.0186995     0.656966  4.20841e-06      4.01231
  0.00181947    0.0145274 -8.57312e-07    0.0184456
   0.0145274     0.447641 -0.000442325     0.648166
-8.57312e-07 -0.000442325   0.00523924  4.15122e-06
   0.0184456     0.648166  4.15122e-06      3.96145
  0.00181825    0.0144849 -8.57588e-07    0.0182006
   0.0144849      0.44617 -0.000442334     0.639675
-8.57588e-07 -0.000442334   0.00523924  4.09602e-06
   0.0182006     0.639675  4.09602e-06      3.91243
  0.00181706    0.0144439 -8.57855e-07     0.017964
   0.0144439     0.444749 -0.000442344     0.631481
-8.57855e-07 -0.000442344   0.00523924  4.04273e-06
    0.017964     0.631481  4.04273e-06      3.86517
  0.00181592    0.0144042 -8.58113e-07    0.0177355
   0.0144042     0.443376 -0.000442352     0.623569
-8.58113e-07 -0.000442352   0.00523924  3.99125e-06
   0.0177355     0.623569  3.99125e-06      3.81957
  0.00181481    0.0143659 -8.58362e-07    0.0175148
   0.0143659     0.442049 -0.000442361     0.615927
-8.58362e-07 -0.000442361   0.00523924  3.94151e-06
   0.0175148     0.615927  3.94151e-06      3.77558
  0.00181374    0.0143288 -8.58604e-07    0.0173014
   0.0143288     0.440766 -0.000442369     0.608544
-8.58604e-07 -0.000442369   0.00523924  3.89344e-06
   0.0173014     0.608544  3.89344e-06      3.73311
   0.0018127    0.0142929 -8.58837e-07    0.0170951
   0.0142929     0.439524 -0.000442378     0.601408
-8.58837e-07 -0.000442378   0.00523924  3.84696e-06
   0.0170951     0.601408  3.84696e-06      3.69209
   0.0018117    0.0142582 -8.59064e-07    0.0168956
   0.0142582     0.438323 -0.000442385     0.594508
-8.59064e-07 -0.000442385   0.00523924    3.802e-06
   0.0168956     0.594508    3.802e-06      3.65245
  0.00181072    0.0142246 -8.59283e-07    0.0167026
   0.0142246     0.437161 -0.000442393     0.587835
-8.59283e-07 -0.000442393   0.00523924  3.75851e-06
   0.0167026     0.587835  3.75851e-06      3.61415
  0.00180978     0.014192 -8.59495e-07    0.0165158
    0.014192     0.436035   -0.0004424     0.581379
-8.59495e-07   -0.0004424   0.00523924  3.71643e-06
   0.0165158     0.581379  3.71643e-06      3.57712
  0.00180887    0.0141605 -8.59701e-07     0.016335
   0.0141605     0.434945 -0.000442407     0.575131
-8.59701e-07 -0.000442407   0.00523924  3.67569e-06
    0.016335     0.575131  3.67569e-06       3.5413
  0.00180799    0.0141299   -8.599e-07    0.0161599
   0.0141299      0.43389 -0.000442414     0.569083
  -8.599e-07 -0.000442414   0.00523924  3.63624e-06
   0.0161599     0.569083  3.63624e-06      3.50664
  0.00180713    0.0141003 -8.60093e-07    0.0159903
   0.0141003     0.432867 -0.000442421     0.563226
-8.60093e-07 -0.000442421   0.00523924  3.59803e-06
   0.0159903     0.563226  3.59803e-06       3.4731
   0.0018063    0.0140716 -8.60281e-07    0.0158261
   0.0140716     0.431876 -0.000442427     0.557553
-8.60281e-07 -0.000442427   0.00523924  3.56101e-06
   0.0158261     0.557553  3.56101e-06      3.44063
  0.00180549    0.0140438 -8.60462e-07    0.0156668
   0.0140438     0.430915 -0.000442434     0.552056
-8.60462e-07 -0.000442434   0.00523924  3.52513e-06
   0.0156668     0.552056  3.52513e-06      3.40919
  0.00180471    0.0140168 -8.60638e-07    0.0155125
   0.0140168     0.429983  -0.00044244     0.546729
-8.60638e-07  -0.00044244   0.00523924  3.49035e-06
   0.0155125     0.546729  3.49035e-06      3.37872
  0.00180395    0.0139906 -8.60809e-07    0.0153629
   0.0139906      0.42908 -0.000442446     0.541565
-8.60809e-07 -0.000442446   0.00523924  3.45663e-06
   0.0153629     0.541565  3.45663e-06       3.3492
  0.00180321    0.0139652 -8.60975e-07    0.0152178
   0.0139652     0.428204 -0.000442451     0.536557
-8.60975e-07 -0.000442451   0.00523924  3.42393e-06
   0.0152178     0.536557  3.42393e-06      3.32059
   0.0018025    0.0139405 -8.61136e-07     0.015077
   0.0139405     0.427353 -0.000442457       0.5317
-8.61136e-07 -0.000442457   0.00523924  3.39221e-06
    0.015077       0.5317  3.39221e-06      3.29285
  0.00180181    0.0139166 -8.61292e-07    0.0149404
   0.0139166     0.426528 -0.000442462     0.526987
-8.61292e-07 -0.000442462   0.00523924  3.36142e-06
   0.0149404     0.526987  3.36142e-06      3.26594
  0.00180113    0.0138934 -8.61444e-07    0.0148078
   0.0138934     0.425727 -0.000442468     0.522415
-8.61444e-07 -0.000442468   0.00523924  3.33155e-06
   0.0148078     0.522415  3.33155e-06      3.23984
  0.00180048    0.0138708 -8.61592e-07    0.0146791
   0.0138708     0.424949 -0.000442473     0.517976
-8.61592e-07 -0.000442473   0.00523924  3.30255e-06
   0.0146791     0.517976  3.30255e-06      3.21452
  0.00179984    0.0138489 -8.61735e-07    0.0145542
   0.0138489     0.424193 -0.000442478     0.513667
-8.61735e-07 -0.000442478   0.00523924  3.27439e-06
   0.0145542     0.513667  3.27439e-06      3.18994
  0.00179923    0.0138277 -8.61874e-07    0.0144328
   0.0138277     0.423459 -0.000442482     0.509482
-8.61874e-07 -0.000442482   0.00523924  3.24704e-06
   0.0144328     0.509482  3.24704e-06      3.16607
  0.00179863     0.013807 -8.62009e-07    0.0143149
    0.013807     0.422747 -0.000442487     0.505418
-8.62009e-07 -0.000442487   0.00523924  3.22047e-06
   0.0143149     0.505418  3.22047e-06       3.1429
  0.00179804    0.0137869  -8.6214e-07    0.0142004
   0.0137869     0.422054 -0.000442492      0.50147
 -8.6214e-07 -0.000442492   0.00523924  3.19466e-06
   0.0142004      0.50147  3.19466e-06       3.1204
  0.00179748    0.0137674 -8.62268e-07    0.0140891
   0.0137674      0.42138 -0.000442496     0.497633
-8.62268e-07 -0.000442496   0.00523924  3.16957e-06
   0.0140891     0.497633  3.16957e-06      3.09853
  0.00179693    0.0137484 -8.62392e-07    0.0139809
   0.0137484     0.420726   -0.0004425     0.493904
-8.62392e-07   -0.0004425   0.00523924  3.14519e-06
   0.0139809     0.493904  3.14519e-06      3.07729
  0.00179639    0.0137299 -8.62513e-07    0.0138757
   0.0137299      0.42009 -0.000442504     0.490279
-8.62513e-07 -0.000442504   0.00523924  3.12149e-06
   0.0138757     0.490279  3.12149e-06      3.05664
  0.00179587    0.0137119  -8.6263e-07    0.0137735
   0.0137119     0.419471 -0.000442508     0.486755
 -8.6263e-07 -0.000442508   0.00523924  3.09844e-06
   0.0137735     0.486755  3.09844e-06      3.03657
  0.00179536    0.0136945 -8.62745e-07     0.013674
   0.0136945     0.418869 -0.000442512     0.483327
-8.62745e-07 -0.000442512   0.00523924  3.07602e-06
    0.013674     0.483327  3.07602e-06      3.01706
  0.00179487    0.0136775 -8.62856e-07    0.0135773
   0.0136775     0.418283 -0.000442516     0.479994
-8.62856e-07 -0.000442516   0.00523924  3.05422e-06
   0.0135773     0.479994  3.05422e-06      2.99808
  0.00179439    0.0136609 -8.62964e-07    0.0134832
   0.0136609     0.417714  -0.00044252     0.476751
-8.62964e-07  -0.00044252   0.00523924  3.03301e-06
   0.0134832     0.476751  3.03301e-06      2.97962
  0.00179392    0.0136449 -8.63069e-07    0.0133916
   0.0136449     0.417159 -0.000442524     0.473596
-8.63069e-07 -0.000442524   0.00523924  3.01237e-06
   0.0133916     0.473596  3.01237e-06      2.96166
  0.00179347    0.0136292 -8.63172e-07    0.0133025
   0.0136292     0.416619 -0.000442527     0.470525
-8.63172e-07 -0.000442527   0.00523924  2.99228e-06
   0.0133025     0.470525  2.99228e-06      2.94419
  0.00179303    0.0136139 -8.63271e-07    0.0132157
   0.0136139     0.416094 -0.000442531     0.467536
-8.63271e-07 -0.000442531   0.00523924  2.97273e-06
   0.0132157     0.467536  2.97273e-06      2.92719
  0.00179259    0.0135991 -8.63369e-07    0.0131312
   0.0135991     0.415583 -0.000442534     0.464627
-8.63369e-07 -0.000442534   0.00523924  2.95369e-06
   0.0131312     0.464627  2.95369e-06      2.91064
  0.00179217    0.0135846 -8.63463e-07     0.013049
   0.0135846     0.415085 -0.000442537     0.461794
-8.63463e-07 -0.000442537   0.00523924  2.93516e-06
    0.013049     0.461794  2.93516e-06      2.89452
  0.00179177    0.0135706 -8.63555e-07    0.0129689
   0.0135706       0.4146  -0.00044254     0.459036
-8.63555e-07  -0.00044254   0.00523924  2.91711e-06
   0.0129689     0.459036  2.91711e-06      2.87883
  0.00179137    0.0135568 -8.63645e-07    0.0128909
   0.0135568     0.414127 -0.000442543     0.456349
-8.63645e-07 -0.000442543   0.00523924  2.89953e-06
   0.0128909     0.456349  2.89953e-06      2.86355
  0.00179098    0.0135435 -8.63732e-07    0.0128149
   0.0135435     0.413667 -0.000442546     0.453732
-8.63732e-07 -0.000442546   0.00523924   2.8824e-06
   0.0128149     0.453732   2.8824e-06      2.84867
   0.0017906    0.0135305 -8.63818e-07    0.0127409
   0.0135305     0.413219 -0.000442549     0.451183
-8.63818e-07 -0.000442549   0.00523924  2.86572e-06
   0.0127409     0.451183  2.86572e-06      2.83418
  0.00179023    0.0135178 -8.63901e-07    0.0126688
   0.0135178     0.412782 -0.000442552     0.448699
-8.63901e-07 -0.000442552   0.00523924  2.84946e-06
   0.0126688     0.448699  2.84946e-06      2.82005
  0.00178987    0.0135054 -8.63982e-07    0.0125985
   0.0135054     0.412356 -0.000442555     0.446278
-8.63982e-07 -0.000442555   0.00523924  2.83362e-06
   0.0125985     0.446278  2.83362e-06      2.80629
  0.00178952    0.0134934  -8.6406e-07      0.01253
   0.0134934     0.411941 -0.000442558     0.443919
 -8.6406e-07 -0.000442558   0.00523924  2.81818e-06
     0.01253     0.443919  2.81818e-06      2.79288
  0.00178918    0.0134816 -8.64137e-07    0.0124632
   0.0134816     0.411536  -0.00044256     0.441619
-8.64137e-07  -0.00044256   0.00523924  2.80313e-06
   0.0124632     0.441619  2.80313e-06      2.77981
  0.00178885    0.0134702 -8.64212e-07    0.0123981
   0.0134702     0.411142 -0.000442563     0.439377
-8.64212e-07 -0.000442563   0.00523924  2.78845e-06
   0.0123981     0.439377  2.78845e-06      2.76706
  0.00178853     0.013459 -8.64285e-07    0.0123346
    0.013459     0.410757 -0.000442565     0.437191
-8.64285e-07 -0.000442565   0.00523924  2.77414e-06
   0.0123346     0.437191  2.77414e-06      2.75464
  0.00178821    0.0134481 -8.64357e-07    0.0122727
   0.0134481     0.410382 -0.000442568     0.435059
-8.64357e-07 -0.000442568   0.00523924  2.76019e-06
   0.0122727     0.435059  2.76019e-06      2.74253
   0.0017879    0.0134375 -8.64426e-07    0.0122123
   0.0134375     0.410016  -0.00044257      0.43298
-8.64426e-07  -0.00044257   0.00523924  2.74658e-06
   0.0122123      0.43298  2.74658e-06      2.73071
   0.0017876    0.0134271 -8.64494e-07    0.0121535
   0.0134271      0.40966 -0.000442573     0.430953
-8.64494e-07 -0.000442573   0.00523924  2.73331e-06
   0.0121535     0.430953  2.73331e-06      2.71919
  0.00178731     0.013417  -8.6456e-07     0.012096
    0.013417     0.409311 -0.000442575     0.428975
 -8.6456e-07 -0.000442575   0.00523924  2.72036e-06
    0.012096     0.428975  2.72036e-06      2.70795
  0.00178702    0.0134071 -8.64625e-07      0.01204
   0.0134071     0.408972 -0.000442577     0.427045
-8.64625e-07 -0.000442577   0.00523924  2.70773e-06
     0.01204     0.427045  2.70773e-06      2.69699
  0.00178674    0.0133975 -8.64688e-07    0.0119853
   0.0133975     0.408641 -0.000442579     0.425163
-8.64688e-07 -0.000442579   0.00523924  2.69541e-06
   0.0119853     0.425163  2.69541e-06      2.68629
  0.00178647    0.0133881 -8.64749e-07    0.0119319
   0.0133881     0.408317 -0.000442581     0.423325
-8.64749e-07 -0.000442581   0.00523924  2.68338e-06
   0.0119319     0.423325  2.68338e-06      2.67585
   0.0017862     0.013379 -8.64809e-07    0.0118799
    0.013379     0.408002 -0.000442584     0.421533
-8.64809e-07 -0.000442584   0.00523924  2.67164e-06
   0.0118799     0.421533  2.67164e-06      2.66567
  0.00178594      0.01337 -8.64868e-07     0.011829
     0.01337     0.407694 -0.000442586     0.419783
-8.64868e-07 -0.000442586   0.00523924  2.66019e-06
    0.011829     0.419783  2.66019e-06      2.65573
  0.00178569    0.0133613 -8.64925e-07    0.0117794
   0.0133613     0.407393 -0.000442588     0.418075
-8.64925e-07 -0.000442588   0.00523924  2.64901e-06
   0.0117794     0.418075  2.64901e-06      2.64602
  0.00178544    0.0133528 -8.64981e-07     0.011731
   0.0133528     0.407099 -0.000442589     0.416407
-8.64981e-07 -0.000442589   0.00523924  2.63809e-06
    0.011731     0.416407  2.63809e-06      2.63655
   0.0017852    0.0133444 -8.65035e-07    0.0116837
   0.0133444     0.406813 -0.000442591      0.41478
-8.65035e-07 -0.000442591   0.00523924  2.62744e-06
   0.0116837      0.41478  2.62744e-06      2.62731
  0.00178496    0.0133363 -8.65089e-07    0.0116376
   0.0133363     0.406533 -0.000442593      0.41319
-8.65089e-07 -0.000442593   0.00523924  2.61703e-06
   0.0116376      0.41319  2.61703e-06      2.61828
  0.00178473    0.0133284 -8.65141e-07    0.0115925
   0.0133284      0.40626 -0.000442595     0.411638
-8.65141e-07 -0.000442595   0.00523924  2.60687e-06
   0.0115925     0.411638  2.60687e-06      2.60946
  0.00178451    0.0133206 -8.65191e-07    0.0115485
   0.0133206     0.405993 -0.000442597     0.410123
-8.65191e-07 -0.000442597   0.00523924  2.59695e-06
   0.0115485     0.410123  2.59695e-06      2.60085
  0.00178429     0.013313 -8.65241e-07    0.0115055
    0.013313     0.405732 -0.000442598     0.408643
-8.65241e-07 -0.000442598   0.00523924  2.58726e-06
   0.0115055     0.408643  2.58726e-06      2.59245
  0.00178407    0.0133057 -8.65289e-07    0.0114635
   0.0133057     0.405478   -0.0004426     0.407197
-8.65289e-07   -0.0004426   0.00523924  2.57779e-06
   0.0114635     0.407197  2.57779e-06      2.58424
  0.00178386    0.0132984 -8.65337e-07    0.0114225
   0.0132984     0.405229 -0.000442602     0.405785
-8.65337e-07 -0.000442602   0.00523924  2.56855e-06
   0.0114225     0.405785  2.56855e-06      2.57621
  0.00178366    0.0132914 -8.65383e-07    0.0113824
   0.0132914     0.404986 -0.000442603     0.404405
-8.65383e-07 -0.000442603   0.00523924  2.55951e-06
   0.0113824     0.404405  2.55951e-06      2.56838
  0.00178346    0.0132845 -8.65428e-07    0.0113432
   0.0132845     0.404749 -0.000442605     0.403057
-8.65428e-07 -0.000442605   0.00523924  2.55069e-06
   0.0113432     0.403057  2.55069e-06      2.56073
  0.00178326    0.0132777 -8.65472e-07     0.011305
   0.0132777     0.404517 -0.000442606     0.401741
-8.65472e-07 -0.000442606   0.00523924  2.54207e-06
    0.011305     0.401741  2.54207e-06      2.55325
  0.00178307    0.0132712 -8.65515e-07    0.0112676
   0.0132712     0.404291 -0.000442608     0.400454
-8.65515e-07 -0.000442608   0.00523924  2.53364e-06
   0.0112676     0.400454  2.53364e-06      2.54594
  0.00178288    0.0132647 -8.65557e-07    0.0112311
   0.0132647     0.404069 -0.000442609     0.399197
-8.65557e-07 -0.000442609   0.00523924  2.52541e-06
   0.0112311     0.399197  2.52541e-06       2.5388
   0.0017827    0.0132584 -8.65598e-07    0.0111954
   0.0132584     0.403853 -0.000442611     0.397968
-8.65598e-07 -0.000442611   0.00523924  2.51737e-06
   0.0111954     0.397968  2.51737e-06      2.53182
  0.00178252    0.0132523 -8.65639e-07    0.0111605
   0.0132523     0.403641 -0.000442612     0.396767
-8.65639e-07 -0.000442612   0.00523924   2.5095e-06
   0.0111605     0.396767   2.5095e-06        2.525
  0.00178235    0.0132463 -8.65678e-07    0.0111264
   0.0132463     0.403435 -0.000442613     0.395593
-8.65678e-07 -0.000442613   0.00523924  2.50182e-06
   0.0111264     0.395593  2.50182e-06      2.51834
  0.00178218    0.0132404 -8.65716e-07    0.0110931
   0.0132404     0.403233 -0.000442615     0.394446
-8.65716e-07 -0.000442615   0.00523924  2.49431e-06
   0.0110931     0.394446  2.49431e-06      2.51182
  0.00178201    0.0132347 -8.65754e-07    0.0110605
   0.0132347     0.403035 -0.000442616     0.393325
-8.65754e-07 -0.000442616   0.00523924  2.48696e-06
   0.0110605     0.393325  2.48696e-06      2.50545
  0.00178185    0.0132291 -8.65791e-07    0.0110287
   0.0132291     0.402842 -0.000442617     0.392228
-8.65791e-07 -0.000442617   0.00523924  2.47979e-06
   0.0110287     0.392228  2.47979e-06      2.49922
  0.00178169    0.0132236 -8.65826e-07    0.0109975
   0.0132236     0.402653 -0.000442619     0.391156
-8.65826e-07 -0.000442619   0.00523924  2.47277e-06
   0.0109975     0.391156  2.47277e-06      2.49314
  0.00178153    0.0132182 -8.65862e-07    0.0109671
   0.0132182     0.402469  -0.00044262     0.390108
-8.65862e-07  -0.00044262   0.00523924  2.46591e-06
   0.0109671     0.390108  2.46591e-06      2.48719
  0.00178138     0.013213 -8.65896e-07    0.0109373
    0.013213     0.402288 -0.000442621     0.389084
-8.65896e-07 -0.000442621   0.00523924   2.4592e-06
   0.0109373     0.389084   2.4592e-06      2.48137
  0.00178123    0.0132079 -8.65929e-07    0.0109082
   0.0132079     0.402112 -0.000442622     0.388082
-8.65929e-07 -0.000442622   0.00523924  2.45264e-06
   0.0109082     0.388082  2.45264e-06      2.47568
  0.00178109    0.0132029 -8.65962e-07    0.0108797
   0.0132029     0.401939 -0.000442623     0.387102
-8.65962e-07 -0.000442623   0.00523924  2.44622e-06
   0.0108797     0.387102  2.44622e-06      2.47011
  0.00178094     0.013198 -8.65994e-07    0.0108519
    0.013198     0.401771 -0.000442624     0.386144
-8.65994e-07 -0.000442624   0.00523924  2.43995e-06
   0.0108519     0.386144  2.43995e-06      2.46467
  0.00178081    0.0131932 -8.66026e-07    0.0108247
   0.0131932     0.401606 -0.000442625     0.385206
-8.66026e-07 -0.000442625   0.00523924  2.43381e-06
   0.0108247     0.385206  2.43381e-06      2.45935
  0.00178067    0.0131885 -8.66056e-07     0.010798
   0.0131885     0.401444 -0.000442626      0.38429
-8.66056e-07 -0.000442626   0.00523924  2.42781e-06
    0.010798      0.38429  2.42781e-06      2.45415
  0.00178054    0.0131839 -8.66086e-07     0.010772
   0.0131839     0.401286 -0.000442627     0.383393
-8.66086e-07 -0.000442627   0.00523924  2.42194e-06
    0.010772     0.383393  2.42194e-06      2.44905
  0.00178041    0.0131794 -8.66116e-07    0.0107465
   0.0131794     0.401132 -0.000442629     0.382516
-8.66116e-07 -0.000442629   0.00523924   2.4162e-06
   0.0107465     0.382516   2.4162e-06      2.44407
  0.00178028     0.013175 -8.66145e-07    0.0107216
    0.013175     0.400981  -0.00044263     0.381658
-8.66145e-07  -0.00044263   0.00523924  2.41058e-06
   0.0107216     0.381658  2.41058e-06       2.4392
  0.00178015    0.0131707 -8.66173e-07    0.0106972
   0.0131707     0.400833  -0.00044263     0.380819
-8.66173e-07  -0.00044263   0.00523924  2.40508e-06
   0.0106972     0.380819  2.40508e-06      2.43444
  0.00178003    0.0131665   -8.662e-07    0.0106734
   0.0131665     0.400688 -0.000442631     0.379998
  -8.662e-07 -0.000442631   0.00523924  2.39971e-06
   0.0106734     0.379998  2.39971e-06      2.42978
  0.00177991    0.0131624 -8.66227e-07      0.01065
   0.0131624     0.400547 -0.000442632     0.379195
-8.66227e-07 -0.000442632   0.00523924  2.39445e-06
     0.01065     0.379195  2.39445e-06      2.42522
   0.0017798    0.0131584 -8.66253e-07    0.0106272
   0.0131584     0.400409 -0.000442633     0.378409
-8.66253e-07 -0.000442633   0.00523924   2.3893e-06
   0.0106272     0.378409   2.3893e-06      2.42075
  0.00177968    0.0131545 -8.66279e-07    0.0106049
   0.0131545     0.400273 -0.000442634      0.37764
-8.66279e-07 -0.000442634   0.00523924  2.38427e-06
   0.0106049      0.37764  2.38427e-06      2.41639
  0.00177957    0.0131506 -8.66304e-07     0.010583
   0.0131506     0.400141 -0.000442635     0.376888
-8.66304e-07 -0.000442635   0.00523924  2.37934e-06
    0.010583     0.376888  2.37934e-06      2.41211
  0.00177946    0.0131468 -8.66329e-07    0.0105616
   0.0131468     0.400011 -0.000442636     0.376151
-8.66329e-07 -0.000442636   0.00523924  2.37452e-06
   0.0105616     0.376151  2.37452e-06      2.40793
  0.00177935    0.0131432 -8.66353e-07    0.0105407
   0.0131432     0.399884 -0.000442637     0.375431
-8.66353e-07 -0.000442637   0.00523924   2.3698e-06
   0.0105407     0.375431   2.3698e-06      2.40384
  0.00177925    0.0131395 -8.66377e-07    0.0105202
   0.0131395      0.39976 -0.000442637     0.374726
-8.66377e-07 -0.000442637   0.00523924  2.36518e-06
   0.0105202     0.374726  2.36518e-06      2.39984
  0.00177915     0.013136   -8.664e-07    0.0105002
    0.013136     0.399638 -0.000442638     0.374036
  -8.664e-07 -0.000442638   0.00523924  2.36067e-06
   0.0105002     0.374036  2.36067e-06      2.39592
  0.00177904    0.0131326 -8.66423e-07    0.0104805
   0.0131326      0.39952 -0.000442639      0.37336
-8.66423e-07 -0.000442639   0.00523924  2.35624e-06
   0.0104805      0.37336  2.35624e-06      2.39209
  0.00177895    0.0131292 -8.66445e-07    0.0104613
   0.0131292     0.399403  -0.00044264     0.372699
-8.66445e-07  -0.00044264   0.00523924  2.35192e-06
   0.0104613     0.372699  2.35192e-06      2.38833
  0.00177885    0.0131259 -8.66466e-07    0.0104425
   0.0131259     0.399289 -0.000442641     0.372052
-8.66466e-07 -0.000442641   0.00523924  2.34768e-06
   0.0104425     0.372052  2.34768e-06      2.38466
  0.00177876    0.0131226 -8.66488e-07    0.0104242
